7.896905104651537333e-02
-4.358195319210603083e-05
-8.962673795976840857e-04
-1.028730185902591854e-01
4.335494902678586199e-02
-1.486095804235728901e-01
4.085871308633449717e-01
-1.767405682619535220e-02
-1.049492287546742730e-01
6.727024958035644764e-02
-1.252325115154161173e-01
-2.059332467254078401e-04
-5.541587659900246805e-04
-5.554350896365552182e-02
1.621081134539159863e-01
-1.015604691238321811e-01
1.520439999548476584e-01
1.833516808154988034e-02
3.575377957559933151e-02
1.073957723447410868e-02
-3.480638679671679142e-02
2.929180389986358289e-03
1.208930541847394804e-02
-3.745691613983053586e-02
1.541035082536585110e-01
-3.289230041124670267e-02
1.263116262268526024e-01
2.952957309408674440e-03
2.714069435751574264e-02
-4.020542258230216243e-02
5.994066040513293392e-03
-3.306324879390523316e-03
3.177841040047554161e-02
3.320408902170433191e-02
-9.024293507877877846e-03
2.610975658357142168e-02
-1.021469246353963987e-02
9.263395651451584306e-03
-1.230591684248632800e-01
6.375637106119188711e-04
8.308046600490752442e-02
-6.746341085528702493e-03
1.857351718412309990e-02
7.771058805649997195e-03
3.191320167405124753e-02
2.428150468102394793e-02
1.275569082503435862e-02
4.168396227301887635e-02
4.095430603437119448e-03
-3.805545643863975612e-03
-6.290054619362481225e-02
1.527299677194284520e-02
-7.932689795295079505e-03
-6.722124099582439845e-03
-6.519454650809416996e-02
3.919169618084283532e-03
1.054111485889410726e-01
3.357473311377522107e-04
2.987613088848291021e-01
-1.315352761799795222e-03
-1.167705086009760513e-03
1.245756462804435138e-01
-7.972194841069779603e-02
-2.202576895322852502e-02
1.529485780350865048e-02
-3.247283594046185187e-03
6.890323748529428305e-02
-2.037371669004243713e-01
4.861858293359016397e-02
1.691895120617714632e-02
-2.178547620676020077e-02
3.327603276160720491e-02
1.525435573176894821e-01
8.314495339516845065e-03
2.138080762196865603e-01
4.459368926317089019e-03
-1.589158551604558794e-02
7.404119231455195092e-03
-8.287282759646208766e-03
-2.418176032144670785e-03
-4.342510047760400616e-03
-9.531135455811499957e-02
6.511736950819500130e-03
-1.405328574993906180e-03
5.978031744524165379e-03
-1.634336074019829971e-02
-4.268936912008240020e-02
-5.475766531971921341e-03
3.565984926764712570e-01
1.102479035873592944e-01
2.417003810186526547e-01
-1.454631055100376151e-02
1.287356588991591666e-01
1.345260342652052354e-01
1.316451902845538757e-01
1.836219430528843177e-01
1.630819273408370615e-02
-2.082106567850438017e-01
2.748600159439460247e-02
2.515632555097533155e-02
