7.882573503063436751e-03
1.346421528632502362e-01
6.882510633683081025e-02
2.515308665475743041e-02
-9.697773180299190665e-02
-5.677580773604315456e-02
3.258553495000380412e-02
5.030081475528559026e-02
4.392805176101257092e-01
-5.495855913589867831e-03
-1.921865486772315629e-03
5.803520971582871307e-02
2.546794483919190277e-01
3.033517948300116715e-02
3.436964090329196891e-02
-5.289917357258755448e-03
-5.277211550858947400e-04
-3.079596801577964144e-02
4.739559352094063066e-02
-4.336008614644312580e-03
2.275981882924328625e-02
-4.958734493791427250e-02
3.659372446823793562e-02
1.431646240792894612e-02
2.574120714537532929e-03
3.116684865433309512e-02
2.308844627137556296e-02
-4.988079647938189337e-02
-1.639086651365109434e-02
-3.841337012247397764e-02
6.515972667846360589e-02
-1.121965803218758079e-01
-1.493509210517934838e-02
9.487388936560803981e-03
2.884933957441414027e-03
3.391629738875159904e-04
4.042973932404415882e-03
6.857582485406418793e-02
-6.234305315082386972e-02
9.868888531682258602e-02
5.470722692954178151e-02
7.346062255619630922e-03
1.291099377633735668e-01
4.315413357526652095e-03
1.945590467219689146e-02
-8.051468721306733953e-03
-1.645365318840441918e-02
2.313451975205964989e-02
-9.638727804356986978e-03
7.261807818780048607e-02
8.482015611232526786e-02
1.196747946800685719e-01
1.404804043475665030e-02
-1.095156962098647185e-02
3.936420225347445762e-02
-1.435230192722498042e-02
-3.383231585224035897e-03
1.697451214127953037e-02
-1.416494577264264948e-02
-1.664093022685760037e-02
-4.942549861421140223e-02
2.623807926639171728e-01
-3.625874981019434201e-02
-5.190078669938680972e-02
-6.231598562581958968e-03
-2.158318182005435903e-01
4.548501329330754267e-02
-1.080541896336077307e-01
7.771144832603004565e-03
-5.567873922220395629e-03
1.175431006059021906e-02
-5.652335902776523327e-03
4.099701361466049493e-02
-6.309555426796106814e-02
2.186420199449302243e-02
1.268024226526725737e-02
6.195232299185255559e-02
2.094624070337050212e-02
-4.605922660265384522e-02
-1.129641344067861541e-01
9.227730471781258118e-03
-2.541431565513529445e-01
2.449393112432180289e-02
4.545085780082097800e-03
1.423788018096945433e-02
1.191713571854206323e-02
-2.327631256710173402e-02
3.818633496002183519e-02
2.146406558739329118e-01
9.653612563337483216e-03
-1.224044907275973404e-03
-1.547957667724766083e-02
4.642904506645925515e-03
-1.454177452761181051e-02
-6.694020315451451597e-02
2.665890461723113836e-01
2.264883955658376219e-02
-4.570802448031916626e-02
1.350732926407072730e-02
3.050686368240183161e-02
